,Company,Station_ID,city,Country,Station Latitude,Station Longitute,Other_Charging_Station_Nearby_Flag,station_competitor,Shell_FL_1,Shell_FL_2,Shell_FL_3,Shell_FL_4,Shell_FL_5,Shell_FL_6,Shell_FL_7,Shell_FL_8,Shell_FL_9,Shell_FL_10,Chevron_FL_1,Chevron_FL_2,Chevron_FL_3,Chevron_FL_4,Chevron_FL_5,Shell_CLB_1,Shell_CLB_2,Shell_CLB_3,Shell_CLB_4,Shell_CLB_5,Shell_CLB_6,Shell_CLB_7,Shell_CLB_8,Shell_CLB_9,Shell_CLB_10,Shell_CLB_11,Shell_CLB_12,Shell_CLB_13,Shell_CLB_14,Shell_CLB_15,Shell_CLB_16,Shell_CLB_17,Shell_CLB_18,Shell_CLB_19,Shell_CLB_20,BP_CLB_1,BP_CLB_2,BP_CLB_3,BP_CLB_4,BP_CLB_5,BP_CLB_6,Shell_SD_1,Shell_SD_2,Shell_SD_3,Shell_SD_4,Shell_SD_5,Shell_SD_6,Shell_SD_7,Shell_SD_8,Shell_SD_9,Shell_SD_10,BP_SD_01,Chevron_SD_01,Chevron_SD_02,Chevron_SD_03,Chevron_SD_04,Chevron_SD_05,Chevron_SD_06,Chevron_SD_07,Shell_Ala_01,Shell_Ala_02,Shell_Ala_03,Shell_Ala_04,Shell_Ala_05,Shell_Ala_06,Shell_Ala_07,Shell_Ala_08,Shell_Ala_09,BP_Ala_01,BP_Ala_02,BP_Ala_03,BP_Ala_04,Chevron_Ata_01,Chevron_Ata_02,Chevron_Ata_03,Chevron_Ata_04,Shell_Aus_01,Shell_Aus_02,Shell_Aus_03,Shell_Aus_04,Shell_Aus_05,Shell_Aus_06,Shell_Aus_07,Shell_Aus_08,Chevron_Aus_01,Chevron_Aus_02,Chevron_Aus_03,Chevron_Aus_04,Shell_DC_01,Shell_DC_02,Shell_DC_03,Shell_DC_04,Shell_DC_05,Shell_DC_06,Shell_DC_07,Shell_DC_08,BP_DC_01,BP_DC_02,BP_DC_03,Shell_SM_01,Shell_SM_02,Shell_SM_03,Chevron_SM_01,Chevron_SM_02,Chevron_SM_03,Arco_SM_01
0,Shell,Shell_FL_1,Fort Lauderdale,USA,26.209148,-80.146341,2,2,0,1.96,8.54,6.83,8.6,8.19,8.21,11.21,10.84,13.73,3.7,2.57,4.99,11.28,12.86,1571.66,1568.98,1565.66,1565.09,1564.68,1562.43,1561.9,1557.03,1557.63,1556.25,1556.44,1552.11,1550.53,1549.56,1549.25,1548.63,1550.13,1549.27,1546.26,1546.54,1572,1572,1555.34,1551.88,1552.13,1541.73,3644.05,3634.97,3631.46,3638.74,3636.76,3643.79,3643.01,3636.34,3632.04,3615.78,3630.04,3633.44,3636.01,3623.23,3641.17,3633.33,3632.29,3624.62,944.87,944.16,938.98,934.17,934.98,931.63,939.85,933.59,926.23,949.96,947.19,940.38,932.01,945.31,940.19,927.46,926.16,1782.82,1773.1,1780.54,1784.25,1772.74,1778.73,1785.12,1785.37,1789.81,1779.66,1783.83,1783.12,1448.42,1446.02,1445.28,1428.78,1442.16,1441.63,1438.97,1432.85,1448,1443.62,1438.94,3762.73,3764.15,3765.29,3765.58,3768.57,3765.52,3764.62
1,Shell,Shell_FL_2,Fort Lauderdale,USA,26.19313,-80.154581,2,2,1.96,0,6.69,5.71,6.64,6.37,6.75,9.5,9.19,11.77,4.51,2.6,3.98,9.63,11.19,1573.29,1570.61,1567.3,1566.72,1566.31,1564.06,1563.54,1558.65,1559.26,1557.88,1558.06,1553.74,1552.16,1551.19,1550.89,1550.27,1551.75,1550.9,1547.89,1548.18,1573.63,1573.63,1556.96,1553.51,1553.76,1543.36,3643.91,3634.83,3631.31,3638.59,3636.62,3643.64,3642.87,3636.19,3631.89,3615.62,3629.88,3633.31,3635.87,3623.08,3641.02,3633.18,3632.14,3624.46,946.15,945.43,940.25,935.44,936.24,932.9,941.1,934.84,927.49,951.24,948.46,941.66,933.28,946.61,941.45,928.73,927.42,1782.63,1772.91,1780.34,1784.05,1772.54,1778.52,1784.9,1785.16,1789.63,1779.47,1783.63,1782.91,1450.32,1447.93,1447.19,1430.65,1444.07,1443.54,1440.87,1434.75,1449.9,1445.52,1440.85,3762.66,3764.08,3765.22,3765.51,3768.5,3765.44,3764.54
2,Shell,Shell_FL_3,Fort Lauderdale,USA,26.151533,-80.20299,1,2,8.54,6.69,0,8.36,2.93,5.24,7.58,7.68,7.94,6.21,10.79,8.72,7.89,8.19,9.26,1577.13,1574.41,1571.12,1570.56,1570.1,1567.89,1567.37,1562.47,1563.08,1561.7,1561.83,1557.54,1555.97,1555.02,1554.74,1554.13,1555.53,1554.7,1551.71,1552.03,1577.47,1577.47,1560.73,1557.33,1557.6,1547.16,3641.04,3631.95,3628.43,3635.7,3633.72,3640.75,3639.96,3633.28,3628.97,3612.68,3626.93,3630.44,3632.97,3620.19,3638.12,3630.28,3629.22,3621.52,948.39,947.63,942.44,937.64,938.39,935.09,943.21,936.92,929.64,953.49,950.65,943.89,935.47,948.91,943.56,930.95,929.58,1779.6,1769.89,1777.29,1780.97,1769.47,1775.44,1781.79,1782.05,1786.63,1776.43,1780.55,1779.79,1455.78,1453.37,1452.64,1435.88,1449.52,1449.01,1446.35,1440.22,1455.36,1450.99,1446.33,3760,3761.41,3762.55,3762.85,3765.83,3762.77,3761.87
3,Shell,Shell_FL_4,Fort Lauderdale,USA,26.152766,-80.119219,2,2,6.83,5.71,8.36,0,6.14,3.91,2,5.48,4.85,10.31,5.48,4.51,1.84,5.27,6.76,1578.27,1575.61,1572.28,1571.71,1571.31,1569.05,1568.52,1563.65,1564.25,1562.87,1563.07,1558.73,1557.15,1556.17,1555.86,1555.23,1556.76,1555.9,1552.88,1553.15,1578.62,1578.62,1561.97,1558.5,1558.74,1548.35,3648.81,3639.72,3636.2,3643.48,3641.5,3648.53,3647.74,3641.06,3636.76,3620.48,3634.73,3638.2,3640.75,3627.96,3645.9,3638.06,3637.01,3629.32,951.7,950.99,945.8,940.99,941.8,938.45,946.67,940.41,933.05,956.79,954.01,947.21,938.83,952.14,947.02,934.28,932.99,1787.44,1777.73,1785.15,1788.84,1777.33,1783.31,1789.67,1789.93,1794.46,1784.27,1788.42,1787.68,1454.07,1451.69,1450.94,1434.64,1447.82,1447.27,1444.6,1438.49,1453.65,1449.26,1444.58,3767.65,3769.07,3770.21,3770.5,3773.49,3770.43,3769.53
4,Shell,Shell_FL_5,Fort Lauderdale,USA,26.137356,-80.17827,1,2,8.6,6.64,2.93,6.14,0,2.47,4.94,4.78,5.01,5.14,9.84,7.89,6.23,5.28,6.42,1579.06,1576.36,1573.06,1572.49,1572.05,1569.82,1569.31,1564.41,1565.02,1563.64,1563.79,1559.49,1557.91,1556.95,1556.66,1556.05,1557.48,1556.65,1553.65,1553.95,1579.4,1579.4,1562.69,1559.27,1559.53,1549.1,3643.91,3634.82,3631.29,3638.57,3636.59,3643.61,3642.82,3636.14,3631.83,3615.54,3629.79,3633.31,3635.84,3623.05,3640.98,3633.14,3632.09,3624.38,950.84,950.08,944.89,940.1,940.86,937.54,945.68,939.41,932.11,955.94,953.1,946.33,937.93,951.34,946.04,933.4,932.05,1782.46,1772.74,1780.14,1783.82,1772.32,1778.28,1784.64,1784.89,1789.48,1779.28,1783.4,1782.64,1456.86,1454.46,1453.72,1437.11,1450.6,1450.08,1447.41,1441.29,1456.44,1452.06,1447.39,3762.88,3764.3,3765.43,3765.73,3768.72,3765.66,3764.76
5,Shell,Shell_FL_6,Fort Lauderdale,USA,26.135815,-80.153551,1,2,8.19,6.37,5.24,3.91,2.47,0,2.47,3.23,3.13,6.48,8.48,6.78,4.52,3.52,4.98,1579.61,1576.92,1573.61,1573.04,1572.62,1570.37,1569.85,1564.96,1565.57,1564.19,1564.36,1560.05,1558.47,1557.5,1557.2,1556.59,1558.05,1557.21,1554.2,1554.49,1579.95,1579.95,1563.26,1559.82,1560.07,1549.66,3646.28,3637.19,3633.66,3640.94,3638.96,3645.98,3645.19,3638.51,3634.2,3617.91,3632.17,3635.67,3638.21,3625.42,3643.35,3635.51,3634.46,3626.76,952,951.27,946.08,941.28,942.06,938.73,946.9,940.63,933.31,957.1,954.29,947.5,939.11,952.49,947.25,934.57,933.24,1784.84,1775.13,1782.53,1786.21,1774.7,1780.67,1787.03,1787.28,1791.86,1781.66,1785.79,1785.03,1456.56,1454.17,1453.43,1436.96,1450.31,1449.77,1447.11,1440.99,1456.14,1451.76,1447.08,3765.22,3766.64,3767.78,3768.07,3771.06,3768,3767.1
6,Shell,Shell_FL_7,Fort Lauderdale,USA,26.137014,-80.128832,1,2,8.21,6.75,7.58,2,4.94,2.47,0,3.48,2.89,8.51,7.4,6.17,3.47,3.32,4.85,1579.85,1577.18,1573.86,1573.29,1572.88,1570.63,1570.1,1565.22,1565.83,1564.45,1564.64,1560.31,1558.72,1557.75,1557.44,1556.82,1558.33,1557.47,1554.45,1554.73,1580.2,1580.2,1563.54,1560.08,1560.32,1549.93,3648.53,3639.45,3635.92,3643.2,3641.22,3648.25,3647.45,3640.78,3636.47,3620.18,3634.44,3637.93,3640.47,3627.68,3645.61,3637.78,3636.73,3629.03,952.9,952.17,946.99,942.18,942.98,939.64,947.84,941.57,934.23,957.99,955.2,948.4,940.02,953.36,948.18,935.47,934.17,1787.12,1777.41,1784.81,1788.5,1776.99,1782.96,1789.32,1789.58,1794.14,1783.95,1788.08,1787.32,1455.97,1453.58,1452.84,1436.5,1449.72,1449.17,1446.5,1440.39,1455.55,1451.16,1446.48,3767.45,3768.86,3770,3770.3,3773.28,3770.22,3769.32
7,Shell,Shell_FL_8,Fort Lauderdale,USA,26.108347,-80.142908,2,2,11.21,9.5,7.68,5.48,4.78,3.23,3.48,0,0.74,5.93,10.85,9.47,6.86,0.62,1.75,1582.79,1580.1,1576.79,1576.22,1575.8,1573.56,1573.03,1568.15,1568.76,1567.38,1567.55,1563.23,1561.65,1560.68,1560.38,1559.76,1561.24,1560.39,1557.38,1557.67,1583.13,1583.13,1566.45,1563.01,1563.26,1552.85,3648.36,3639.27,3635.74,3643.01,3641.03,3648.06,3647.26,3640.58,3636.27,3619.96,3634.22,3637.76,3640.28,3627.49,3645.42,3637.58,3636.52,3628.81,955.22,954.49,949.3,944.5,945.27,941.95,950.11,943.84,936.52,960.32,957.51,950.72,942.33,955.71,950.46,937.79,936.46,1786.86,1777.15,1784.54,1788.21,1776.71,1782.67,1789.02,1789.27,1793.89,1783.68,1787.79,1787.01,1459.36,1456.98,1456.23,1439.84,1453.11,1452.57,1449.9,1443.79,1458.95,1454.56,1449.88,3767.39,3768.81,3769.94,3770.24,3773.22,3770.16,3769.26
8,Shell,Shell_FL_9,Fort Lauderdale,USA,26.112046,-80.136729,2,2,10.84,9.19,7.94,4.85,5.01,3.13,2.89,0.74,0,6.63,10.28,8.98,6.33,0.45,2.02,1582.47,1579.8,1576.48,1575.91,1575.49,1573.25,1572.72,1567.84,1568.45,1567.07,1567.25,1562.92,1561.34,1560.37,1560.07,1559.45,1560.93,1560.08,1557.07,1557.36,1582.82,1582.82,1566.15,1562.7,1562.94,1552.54,3648.79,3639.7,3636.17,3643.44,3641.46,3648.49,3647.69,3641.01,3636.7,3620.4,3634.65,3638.18,3640.71,3627.93,3645.85,3638.01,3636.96,3629.25,955.1,954.37,949.18,944.38,945.16,941.83,950,943.73,936.41,960.2,957.39,950.6,942.21,955.58,950.35,937.67,936.35,1787.31,1777.59,1784.98,1788.66,1777.16,1783.12,1789.47,1789.72,1794.33,1784.12,1788.24,1787.47,1458.84,1456.46,1455.71,1439.36,1452.59,1452.05,1449.38,1443.26,1458.43,1454.04,1449.36,3767.8,3769.21,3770.35,3770.64,3773.63,3770.57,3769.67
9,Shell,Shell_FL_10,Fort Lauderdale,USA,26.095706,-80.200587,1,2,13.73,11.77,6.21,10.31,5.14,6.48,8.51,5.93,6.63,0,14.81,12.95,10.96,6.52,6.45,1583.3,1580.58,1577.29,1576.73,1576.27,1574.06,1573.55,1568.64,1569.25,1567.87,1568,1563.71,1562.14,1561.19,1560.91,1560.31,1561.69,1560.87,1557.88,1558.2,1583.64,1583.64,1566.89,1563.51,1563.78,1553.33,3643.48,3634.38,3630.85,3638.12,3636.14,3643.16,3642.36,3635.68,3631.36,3615.05,3629.3,3632.88,3635.39,3622.6,3640.52,3632.68,3631.62,3623.9,954.16,953.38,948.19,943.4,944.13,940.84,948.93,942.64,935.39,959.27,956.4,949.65,941.22,954.71,949.28,936.71,935.32,1781.91,1772.2,1779.57,1783.22,1771.73,1777.68,1784.02,1784.27,1788.95,1778.71,1782.81,1782.01,1461.83,1459.43,1458.69,1442,1455.57,1455.05,1452.39,1446.27,1461.41,1457.03,1452.37,3762.63,3764.04,3765.17,3765.47,3768.46,3765.4,3764.5
10,Chevron,Chevron_FL_1,Fort Lauderdale,USA,26.201414,-80.110293,1,2,3.7,4.51,10.79,5.48,9.84,8.48,7.4,10.85,10.28,14.81,0,2.07,4.02,10.71,12.23,1573.06,1570.42,1567.08,1566.5,1566.12,1563.85,1563.31,1558.45,1559.05,1557.67,1557.89,1553.54,1551.95,1550.97,1550.65,1550.02,1551.57,1550.7,1547.68,1547.94,1573.41,1573.41,1556.79,1553.3,1553.53,1543.16,3647.71,3638.64,3635.12,3642.41,3640.43,3647.46,3646.69,3640.01,3635.71,3619.45,3633.71,3637.11,3639.68,3626.89,3644.84,3637,3635.97,3628.29,947.15,946.46,941.28,936.46,937.29,933.93,942.18,935.94,928.54,952.23,949.49,942.66,934.3,947.56,942.53,929.74,928.48,1786.5,1776.78,1784.22,1787.93,1776.42,1782.41,1788.8,1789.05,1793.49,1783.34,1787.52,1786.81,1448.59,1446.21,1445.46,1429.16,1442.34,1441.79,1439.12,1433.01,1448.17,1443.78,1439.1,3766.38,3767.8,3768.94,3769.23,3772.22,3769.17,3768.27
11,Chevron,Chevron_FL_2,Fort Lauderdale,USA,26.19248,-80.128489,1,2,2.57,2.6,8.72,4.51,7.89,6.78,6.17,9.47,8.98,12.95,2.07,0,2.72,9.43,10.99,1573.76,1571.1,1567.77,1567.2,1566.8,1564.54,1564.01,1559.14,1559.74,1558.36,1558.57,1554.22,1552.64,1551.66,1551.35,1550.73,1552.25,1551.39,1548.37,1548.64,1574.11,1574.11,1557.46,1553.99,1554.23,1543.84,3646.37,3637.29,3633.78,3641.06,3639.08,3646.11,3645.33,3638.65,3634.35,3618.09,3632.35,3635.76,3638.33,3625.54,3643.49,3635.65,3634.61,3626.93,947.3,946.59,941.41,936.6,937.41,934.06,942.29,936.04,928.66,952.38,949.62,942.8,934.44,947.73,942.64,929.88,928.6,1785.11,1775.4,1782.83,1786.53,1775.02,1781.01,1787.39,1787.65,1792.11,1781.95,1786.12,1785.4,1449.9,1447.52,1446.77,1430.38,1443.65,1443.11,1440.44,1434.33,1449.49,1445.1,1440.42,3765.09,3766.51,3767.65,3767.94,3770.93,3767.87,3766.97
12,Chevron,Chevron_FL_3,Fort Lauderdale,USA,26.16814,-80.126085,2,2,4.99,3.98,7.89,1.84,6.23,4.52,3.47,6.86,6.33,10.96,4.02,2.72,0,6.77,8.32,1576.48,1573.81,1570.49,1569.91,1569.51,1567.25,1566.72,1561.85,1562.45,1561.08,1561.27,1556.93,1555.35,1554.38,1554.06,1553.44,1554.96,1554.1,1551.08,1551.36,1576.82,1576.82,1560.17,1556.7,1556.94,1546.55,3647.56,3638.47,3634.96,3642.23,3640.26,3647.28,3646.5,3639.82,3635.52,3619.25,3633.5,3636.95,3639.51,3626.72,3644.66,3636.82,3635.78,3628.09,949.86,949.15,943.96,939.15,939.96,936.61,944.83,938.58,931.21,954.95,952.17,945.37,936.99,950.3,945.18,932.44,931.15,1786.23,1776.52,1783.94,1787.63,1776.13,1782.11,1788.48,1788.73,1793.24,1783.06,1787.22,1786.48,1452.52,1450.13,1449.38,1433.03,1446.26,1445.72,1443.05,1436.94,1452.1,1447.71,1443.03,3766.36,3767.78,3768.92,3769.21,3772.19,3769.14,3768.24
13,Chevron,Chevron_FL_4,Fort Lauderdale,USA,26.108039,-80.136728,2,1,11.28,9.63,8.19,5.27,5.28,3.52,3.32,0.62,0.45,6.52,10.71,9.43,6.77,0,1.58,1582.91,1580.24,1576.92,1576.35,1575.93,1573.69,1573.16,1568.28,1568.89,1567.51,1567.69,1563.36,1561.78,1560.81,1560.51,1559.89,1561.37,1560.52,1557.51,1557.8,1583.26,1583.26,1566.59,1563.14,1563.38,1552.98,3648.95,3639.85,3636.33,3643.6,3641.62,3648.64,3647.85,3641.17,3636.86,3620.56,3634.81,3638.34,3640.87,3628.08,3646.01,3638.17,3637.11,3629.4,955.51,954.77,949.59,944.78,945.56,942.23,950.41,944.14,936.81,960.6,957.8,951.01,942.62,955.99,950.76,938.08,936.75,1787.46,1777.74,1785.13,1788.8,1777.3,1783.26,1789.61,1789.86,1794.48,1784.27,1788.38,1787.61,1459.28,1456.9,1456.15,1439.8,1453.03,1452.49,1449.82,1443.7,1458.87,1454.47,1449.79,3767.97,3769.39,3770.52,3770.82,3773.8,3770.75,3769.84
14,Chevron,Chevron_FL_5,Fort Lauderdale,USA,26.093856,-80.136042,2,1,12.86,11.19,9.26,6.76,6.42,4.98,4.85,1.75,2.02,6.45,12.23,10.99,8.32,1.58,0,1584.48,1581.8,1578.49,1577.92,1577.5,1575.26,1574.73,1569.85,1570.45,1569.08,1569.25,1564.93,1563.35,1562.38,1562.08,1561.46,1562.94,1562.09,1559.08,1559.37,1584.83,1584.83,1568.15,1564.7,1564.95,1554.55,3649.58,3640.48,3636.95,3644.22,3642.24,3649.27,3648.46,3641.79,3637.47,3621.17,3635.42,3638.97,3641.49,3628.71,3646.63,3638.79,3637.73,3630.02,956.97,956.24,951.05,946.25,947.02,943.7,951.86,945.59,938.27,962.07,959.26,952.48,944.08,957.46,952.21,939.54,938.21,1788.05,1778.34,1785.72,1789.38,1777.89,1783.84,1790.18,1790.44,1795.08,1784.86,1788.96,1788.18,1460.82,1458.43,1457.68,1441.35,1454.56,1454.02,1451.35,1445.24,1460.4,1456.01,1451.33,3768.65,3770.06,3771.2,3771.49,3774.48,3771.42,3770.52
15,Shell,Shell_CLB_1,Columbus,USA,40.147476,-82.964487,1,2,1571.66,1573.29,1577.13,1578.27,1579.06,1579.61,1579.85,1582.79,1582.47,1583.3,1573.06,1573.76,1576.48,1582.91,1584.48,0,11.79,7.22,6.9,14.24,9.92,9.79,16.27,14.93,16.55,24.33,21.58,22.21,22.24,22.77,24.02,27.63,24.77,25.86,25.28,2.18,2.18,25.16,20.35,19.55,31.32,3143.09,3137.5,3136.51,3144.13,3143.63,3149.69,3152.71,3146.98,3144.91,3136.64,3150.29,3133.36,3141.46,3130.89,3149.87,3142.84,3145.17,3143.22,708.18,712.29,716.94,719.58,723.31,722.9,723.77,730.69,730.17,702.67,710.53,712.47,722.48,701.95,722.94,724.1,730.03,1720.48,1714.73,1725.99,1733.66,1724.72,1732.87,1742.01,1741.92,1719.75,1722.63,1733.35,1741.67,527.63,522.35,526.48,448.61,525.94,531.08,533.22,532.45,525.32,529.15,533.35,3197.63,3199.88,3201.55,3201.26,3203.82,3201.66,3201.17
16,Shell,Shell_CLB_2,Columbus,USA,40.104752,-83.091453,1,2,1568.98,1570.61,1574.41,1575.61,1576.36,1576.92,1577.18,1580.1,1579.8,1580.58,1570.42,1571.1,1573.81,1580.24,1581.8,11.79,0,8.15,10.13,4.4,10.2,12.8,12.72,13,13.82,14.63,17.03,19.02,21.39,25.06,27.31,19.75,19.73,23.65,26.59,9.82,9.82,15.67,18.34,20.82,27.34,3132,3126.4,3125.4,3133.02,3132.52,3138.58,3141.6,3135.86,3133.78,3125.49,3139.14,3122.27,3130.35,3119.77,3138.76,3131.72,3134.04,3132.07,701.6,705.64,710.33,713.03,716.67,716.34,717.02,723.95,723.6,696.06,703.85,705.9,715.92,695.48,716.19,717.62,723.46,1708.9,1703.15,1714.41,1722.08,1713.15,1721.31,1730.44,1730.35,1708.15,1711.05,1721.77,1730.1,537.19,531.87,535.99,457.74,535.42,540.55,542.67,541.81,534.87,538.65,542.79,3186.76,3189.01,3190.68,3190.4,3192.96,3190.79,3190.3
17,Shell,Shell_CLB_3,Columbus,USA,40.087886,-82.99822,2,2,1565.66,1567.3,1571.12,1572.28,1573.06,1573.61,1573.86,1576.79,1576.48,1577.29,1567.08,1567.77,1570.49,1576.92,1578.49,7.22,8.15,0,1.99,8.43,3.26,4.96,9.18,8.11,9.63,17.56,14.49,15.4,16.18,18.28,20.17,20.44,17.66,19.43,20.31,6.61,6.61,18.29,13.8,14.37,24.5,3139.79,3134.18,3133.18,3140.8,3140.3,3146.36,3149.37,3143.63,3141.55,3133.23,3146.9,3130.05,3138.13,3127.54,3146.53,3139.49,3141.8,3139.82,701.14,705.24,709.9,712.55,716.27,715.87,716.7,723.62,723.13,695.62,703.48,705.43,715.45,694.93,715.87,717.08,722.99,1714.37,1708.6,1719.87,1727.53,1718.57,1726.73,1735.87,1735.79,1713.66,1716.51,1727.22,1735.53,529.04,523.72,527.85,449.6,527.27,532.41,534.52,533.66,526.73,530.5,534.64,3194.67,3196.92,3198.58,3198.3,3200.86,3198.69,3198.2
18,Shell,Shell_CLB_4,Columbus,USA,40.085958,-82.974915,2,2,1565.09,1566.72,1570.56,1571.71,1572.49,1573.04,1573.29,1576.22,1575.91,1576.73,1566.5,1567.2,1569.91,1576.35,1577.92,6.9,10.13,1.99,0,10.29,3.07,3.45,9.49,8.04,9.68,18.93,14.76,15.31,15.54,16.99,18.71,21.31,17.95,19.04,19.2,6.91,6.91,19.6,13.48,13.29,24.42,3141.75,3136.15,3135.14,3142.76,3142.26,3148.32,3151.33,3145.59,3143.51,3135.19,3148.86,3132.02,3140.09,3129.51,3148.49,3141.46,3143.76,3141.78,701.3,705.4,710.06,712.69,716.43,716.01,716.89,723.81,723.28,695.78,703.65,705.58,715.59,695.06,716.06,717.21,723.14,1715.89,1710.11,1721.38,1729.04,1720.08,1728.24,1737.38,1737.29,1715.19,1718.02,1728.73,1737.03,527.06,521.74,525.86,447.63,525.29,530.42,532.54,531.68,524.74,528.52,532.66,3196.65,3198.89,3200.56,3200.28,3202.84,3200.67,3200.18
19,Shell,Shell_CLB_5,Columbus,USA,40.065173,-83.092716,1,2,1564.68,1566.31,1570.1,1571.31,1572.05,1572.62,1572.88,1575.8,1575.49,1576.27,1566.12,1566.8,1569.51,1575.93,1577.5,14.24,4.4,8.43,10.29,0,9.03,11.92,9.29,10.12,10.53,10.55,12.98,15.19,18.06,22.49,24.97,15.37,15.51,19.88,23.65,12.61,12.61,11.53,14.86,18.17,23.16,3131.6,3125.99,3124.98,3132.6,3132.1,3138.16,3141.17,3135.42,3133.34,3125.01,3138.68,3121.86,3129.93,3119.34,3138.33,3131.29,3133.59,3131.61,697.24,701.29,705.98,708.67,712.32,711.99,712.67,719.6,719.25,691.71,699.5,701.55,711.57,691.11,711.85,713.26,719.11,1706.31,1700.55,1711.82,1719.48,1710.54,1718.69,1727.83,1727.74,1705.59,1708.46,1719.17,1727.49,536.42,531.08,535.2,456.73,534.6,539.73,541.82,540.92,534.1,537.84,541.95,3186.59,3188.84,3190.51,3190.22,3192.79,3190.62,3190.12
20,Shell,Shell_CLB_6,Columbus,USA,40.059927,-82.986883,1,2,1562.43,1564.06,1567.89,1569.05,1569.82,1570.37,1570.63,1573.56,1573.25,1574.06,1563.85,1564.54,1567.25,1573.69,1575.26,9.92,10.2,3.26,3.07,9.03,0,2.89,6.42,5.02,6.63,16.43,11.69,12.32,12.93,15.24,17.29,18.37,14.88,16.22,17.16,9.69,9.69,17.01,10.61,11.21,21.45,3140.55,3134.94,3133.92,3141.54,3141.04,3147.11,3150.11,3144.36,3142.28,3133.94,3147.61,3130.81,3138.87,3128.28,3147.27,3140.23,3142.53,3140.54,698.26,702.37,707.02,709.66,713.39,712.98,713.85,720.77,720.25,692.75,700.61,702.55,712.56,692.04,713.02,714.18,720.11,1713.42,1707.63,1718.9,1726.56,1717.59,1725.75,1734.89,1734.81,1712.73,1715.55,1726.25,1734.55,527.47,522.14,526.26,447.87,525.67,530.8,532.9,532.01,525.16,528.91,533.03,3195.59,3197.84,3199.5,3199.22,3201.79,3199.62,3199.12
21,Shell,Shell_CLB_7,Columbus,USA,40.059927,-82.952867,1,2,1561.9,1563.54,1567.37,1568.52,1569.31,1569.85,1570.1,1573.03,1572.72,1573.55,1563.31,1564.01,1566.72,1573.16,1574.73,9.79,12.8,4.96,3.45,11.92,2.89,0,7.98,6.07,7.72,18.94,12.86,12.87,12.46,13.54,15.29,20.25,15.98,16.17,15.79,10.19,10.19,19.44,10.79,9.91,21.86,3143.44,3137.82,3136.81,3144.43,3143.93,3149.99,3152.99,3147.25,3145.16,3136.83,3150.5,3133.7,3141.76,3131.17,3150.16,3143.12,3145.42,3143.43,698.8,702.92,707.57,710.19,713.95,713.51,714.44,721.35,720.78,693.29,701.18,703.08,713.09,692.54,713.61,714.69,720.64,1715.82,1710.02,1721.29,1728.95,1719.97,1728.14,1737.27,1737.19,1715.13,1717.94,1728.64,1736.93,524.64,519.31,523.43,445.07,522.84,527.97,530.07,529.19,522.32,526.08,530.2,3198.49,3200.73,3202.4,3202.12,3204.68,3202.51,3202.02
22,Shell,Shell_CLB_8,Columbus,USA,40.006388,-83.015228,2,2,1557.03,1558.65,1562.47,1563.65,1564.41,1564.96,1565.22,1568.15,1567.84,1568.64,1558.45,1559.14,1561.85,1568.28,1569.85,16.27,12.72,9.18,9.49,9.29,6.42,7.98,0,2.09,1.31,11.82,5.32,6.5,8.78,13.55,16.2,12.28,8.5,10.99,14.43,15.78,15.78,12.09,5.64,9.27,15.45,3137.76,3132.13,3131.11,3138.73,3138.22,3144.29,3147.28,3141.53,3139.43,3131.06,3144.74,3128.01,3136.06,3125.45,3144.45,3137.4,3139.69,3137.67,691.97,696.06,700.73,703.37,707.09,706.69,707.54,714.45,713.96,686.45,694.31,696.26,706.27,685.76,706.7,707.9,713.82,1708.08,1702.28,1713.55,1721.21,1712.22,1720.38,1729.52,1729.44,1707.4,1710.2,1720.89,1729.17,528.7,523.34,527.45,448.74,526.82,531.95,534.01,533.05,526.38,530.08,534.14,3193.11,3195.35,3197.02,3196.74,3199.31,3197.13,3196.63
23,Shell,Shell_CLB_9,Columbus,USA,40.015071,-82.993496,2,2,1557.63,1559.26,1563.08,1564.25,1565.02,1565.57,1565.83,1568.76,1568.45,1569.25,1559.05,1559.74,1562.45,1568.89,1570.45,14.93,13,8.11,8.04,10.12,5.02,6.07,2.09,0,1.67,13.86,6.83,7.31,8.49,12.37,14.89,14.29,9.99,11.38,13.63,14.67,14.67,14.16,5.76,8.06,16.43,3139.67,3134.04,3133.02,3140.64,3140.13,3146.21,3149.19,3143.44,3141.35,3132.98,3146.66,3129.92,3137.97,3127.37,3146.36,3139.31,3141.6,3139.59,693.26,697.36,702.02,704.66,708.39,707.97,708.85,715.77,715.24,687.74,695.61,697.54,707.55,687.03,708.02,709.17,715.1,1710.15,1704.35,1715.62,1723.28,1714.29,1722.46,1731.6,1731.51,1709.48,1712.27,1722.97,1731.24,527.06,521.7,525.82,447.17,525.2,530.33,532.4,531.45,524.74,528.45,532.53,3194.97,3197.22,3198.88,3198.6,3201.17,3198.99,3198.5
24,Shell,Shell_CLB_10,Columbus,USA,40.00132,-83.001372,2,2,1556.25,1557.88,1561.7,1562.87,1563.64,1564.19,1564.45,1567.38,1567.07,1567.87,1557.67,1558.36,1561.08,1567.51,1569.08,16.55,13.82,9.63,9.68,10.53,6.63,7.72,1.31,1.67,0,12.86,5.16,5.78,7.58,12.24,14.89,12.78,8.32,10.06,13.14,16.23,16.23,13.06,4.55,7.97,14.87,3138.91,3133.27,3132.25,3139.87,3139.36,3145.43,3148.42,3142.67,3140.57,3132.19,3145.87,3129.16,3137.2,3126.59,3145.58,3138.54,3140.82,3138.8,691.63,695.73,700.39,703.03,706.76,706.35,707.22,714.14,713.62,686.11,693.98,695.92,705.93,685.4,706.39,707.55,713.47,1708.74,1702.93,1714.2,1721.86,1712.87,1721.04,1730.18,1730.1,1708.07,1710.85,1721.55,1729.82,527.44,522.07,526.18,447.46,525.55,530.68,532.74,531.78,525.11,528.81,532.87,3194.29,3196.53,3198.19,3197.91,3200.48,3198.3,3197.81
25,Shell,Shell_CLB_11,Columbus,USA,39.981051,-83.150037,2,2,1556.44,1558.06,1561.83,1563.07,1563.79,1564.36,1564.64,1567.55,1567.25,1568,1557.89,1558.57,1561.27,1567.69,1569.25,24.33,14.63,17.56,18.93,10.55,16.43,18.94,11.82,13.86,12.86,0,10.68,13.43,17.78,23.98,26.79,6.52,10.97,17.3,23.83,22.93,22.93,1.12,14.81,20.13,17.58,3126.12,3120.49,3119.46,3127.08,3126.57,3132.65,3135.63,3129.87,3127.77,3119.39,3133.07,3116.37,3124.41,3113.8,3132.79,3125.75,3128.03,3126,687.2,691.23,695.93,698.64,702.26,701.96,702.58,709.51,709.21,681.66,689.43,691.51,701.53,681.11,701.75,703.25,709.07,1697,1691.22,1702.48,1710.15,1701.18,1709.34,1718.48,1718.39,1696.3,1699.13,1709.83,1718.13,539.49,534.1,538.2,459.25,537.55,542.67,544.72,543.69,537.16,540.82,544.84,3181.6,3183.84,3185.5,3185.22,3187.79,3185.61,3185.12
26,Shell,Shell_CLB_12,Columbus,USA,39.959565,-83.027828,1,2,1552.11,1553.74,1557.54,1558.73,1559.49,1560.05,1560.31,1563.23,1562.92,1563.71,1553.54,1554.22,1556.93,1563.36,1564.93,21.58,17.03,14.49,14.76,12.98,11.69,12.86,5.32,6.83,5.16,10.68,0,2.79,7.1,13.4,16.22,8.36,3.19,7.22,13.15,21.09,21.09,10.44,4.33,9.88,10.38,3136.37,3130.72,3129.69,3137.31,3136.8,3142.88,3145.85,3140.09,3137.99,3129.58,3143.26,3126.61,3134.64,3124.02,3143.02,3135.97,3138.24,3136.2,686.66,690.75,695.41,698.06,701.78,701.38,702.22,709.14,708.64,681.13,688.99,690.94,700.96,680.44,701.39,702.59,708.5,1704.27,1698.46,1709.73,1717.38,1708.38,1716.55,1725.69,1725.61,1703.62,1706.38,1717.07,1725.33,528.81,523.42,527.53,448.56,526.87,532,534.04,533.01,526.48,530.14,534.16,3191.99,3194.23,3195.89,3195.61,3198.18,3196,3195.5
27,Shell,Shell_CLB_13,Columbus,USA,39.949425,-82.997904,1,2,1550.53,1552.16,1555.97,1557.15,1557.91,1558.47,1558.72,1561.65,1561.34,1562.14,1551.95,1552.64,1555.35,1561.78,1563.35,22.21,19.02,15.4,15.31,15.19,12.32,12.87,6.5,7.31,5.78,13.43,2.79,0,4.43,10.87,13.68,10.42,3.96,4.69,10.41,21.98,21.98,13.14,2.44,7.75,9.12,3138.85,3133.19,3132.16,3139.78,3139.26,3145.35,3148.32,3142.56,3140.45,3132.04,3145.72,3129.09,3137.11,3126.49,3145.48,3138.43,3140.7,3138.66,686.02,690.13,694.78,697.41,701.15,700.73,701.63,708.54,708,680.5,688.38,690.3,700.31,679.77,700.8,701.92,707.85,1705.76,1699.93,1711.2,1718.86,1709.84,1718.01,1727.16,1727.08,1705.12,1707.86,1718.54,1726.8,526.1,520.71,524.82,445.82,524.15,529.28,531.32,530.28,523.77,527.43,531.44,3194.53,3196.77,3198.43,3198.15,3200.72,3198.54,3198.04
28,Shell,Shell_CLB_14,Columbus,USA,39.947977,-82.945935,1,2,1549.56,1551.19,1555.02,1556.17,1556.95,1557.5,1557.75,1560.68,1560.37,1561.19,1550.97,1551.66,1554.38,1560.81,1562.38,22.24,21.39,16.18,15.54,18.06,12.93,12.46,8.78,8.49,7.58,17.78,7.1,4.43,0,6.47,9.27,14.75,8.08,4.07,6.09,22.45,22.45,17.54,3.27,4.14,10.32,3143.26,3137.61,3136.57,3144.19,3143.67,3149.76,3152.72,3146.97,3144.86,3136.44,3150.13,3133.5,3141.52,3130.9,3149.89,3142.84,3145.11,3143.07,686.7,690.83,695.47,698.07,701.86,701.39,702.38,709.29,708.67,681.19,689.11,690.97,700.97,680.4,701.55,702.55,708.52,1709.35,1703.51,1714.78,1722.43,1713.41,1721.58,1730.73,1730.65,1708.72,1711.44,1722.12,1730.36,521.71,516.32,520.43,441.47,519.77,524.9,526.94,525.92,519.39,523.05,527.07,3198.95,3201.19,3202.86,3202.58,3205.15,3202.97,3202.47
29,Shell,Shell_CLB_15,Columbus,USA,39.955704,-82.870655,1,2,1549.25,1550.89,1554.74,1555.86,1556.66,1557.2,1557.44,1560.38,1560.07,1560.91,1550.65,1551.35,1554.06,1560.51,1562.08,22.77,25.06,18.28,16.99,22.49,15.24,13.54,13.55,12.37,12.24,23.98,13.4,10.87,6.47,0,2.82,21.22,14.54,9.34,2.95,23.58,23.58,23.82,9.16,4.32,15.17,3149.71,3144.06,3143.03,3150.65,3150.13,3156.22,3159.18,3153.43,3151.32,3142.9,3156.59,3139.96,3147.98,3137.36,3156.35,3149.3,3151.57,3149.53,688.81,692.98,697.6,700.16,704,703.48,704.6,711.49,710.76,683.31,691.28,693.06,703.06,682.44,703.76,704.59,710.61,1715.16,1709.31,1720.58,1728.24,1719.2,1727.37,1736.52,1736.44,1714.55,1717.24,1727.92,1736.15,515.56,510.17,514.28,435.43,513.64,518.76,520.82,519.82,513.23,516.9,520.94,3205.38,3207.62,3209.28,3209,3211.58,3209.39,3208.89
30,Shell,Shell_CLB_16,Columbus,USA,39.954578,-82.837583,1,2,1548.63,1550.27,1554.13,1555.23,1556.05,1556.59,1556.82,1559.76,1559.45,1560.31,1550.02,1550.73,1553.44,1559.89,1561.46,24.02,27.31,20.17,18.71,24.97,17.29,15.29,16.2,14.89,14.89,26.79,16.22,13.68,9.27,2.82,0,24,17.3,11.84,4.44,25.03,25.03,26.64,11.98,6.92,17.35,3152.52,3146.87,3145.83,3153.46,3152.94,3159.02,3161.99,3156.23,3154.12,3145.71,3159.39,3142.76,3150.78,3140.16,3159.16,3152.11,3154.38,3152.33,689.26,693.45,698.06,700.6,704.47,703.93,705.1,711.99,711.21,683.77,691.76,693.51,703.51,682.87,704.26,705.01,711.06,1717.44,1711.58,1722.86,1730.51,1721.46,1729.64,1738.78,1738.71,1716.84,1719.52,1730.19,1738.42,512.76,507.38,511.49,432.66,510.85,515.97,518.03,517.04,510.43,514.11,518.16,3208.2,3210.44,3212.1,3211.82,3214.39,3212.21,3211.71
31,Shell,Shell_CLB_17,Columbus,USA,39.928174,-83.116975,1,2,1550.13,1551.75,1555.53,1556.76,1557.48,1558.05,1558.33,1561.24,1560.93,1561.69,1551.57,1552.25,1554.96,1561.37,1562.94,27.63,19.75,20.44,21.31,15.37,18.37,20.25,12.28,14.29,12.78,6.52,8.36,10.42,14.75,21.22,24,0,6.71,12.92,20.33,26.62,26.62,5.51,12.57,18.11,11.58,3128.57,3122.91,3121.87,3129.5,3128.98,3135.06,3138.03,3132.27,3130.16,3121.73,3135.42,3118.81,3126.82,3116.2,3135.2,3128.14,3130.41,3128.36,681.88,685.93,690.62,693.31,696.96,696.62,697.32,704.25,703.88,676.35,684.14,686.18,696.2,675.75,696.5,697.89,703.74,1696.02,1690.21,1701.48,1709.14,1700.14,1708.31,1717.45,1717.37,1695.36,1698.13,1708.83,1717.1,535.7,530.29,534.39,455.2,533.7,538.83,540.84,539.76,533.37,536.99,540.97,3184.35,3186.59,3188.25,3187.98,3190.55,3188.37,3187.87
32,Shell,Shell_CLB_18,Columbus,USA,39.932039,-83.0384,1,2,1549.27,1550.9,1554.7,1555.9,1556.65,1557.21,1557.47,1560.39,1560.08,1560.87,1550.7,1551.39,1554.1,1560.52,1562.09,24.77,19.73,17.66,17.95,15.51,14.88,15.98,8.5,9.99,8.32,10.97,3.19,3.96,8.08,14.54,17.3,6.71,0,6.43,13.63,24.26,24.26,10.41,6.34,11.69,7.66,3135.28,3129.63,3128.59,3136.21,3135.69,3141.78,3144.74,3138.98,3136.87,3128.45,3142.13,3125.52,3133.54,3122.91,3141.91,3134.86,3137.12,3135.07,683.48,687.57,692.24,694.89,698.6,698.2,699.04,705.96,705.47,677.96,685.82,687.77,697.78,677.27,698.21,699.42,705.33,1701.82,1695.99,1707.26,1714.91,1705.9,1714.07,1723.22,1723.14,1701.17,1703.91,1714.6,1722.86,529.17,523.77,527.87,448.75,527.19,532.31,534.34,533.28,526.84,530.47,534.47,3191.06,3193.3,3194.96,3194.68,3197.26,3195.07,3194.57
33,Shell,Shell_CLB_19,Columbus,USA,39.914887,-82.966408,1,2,1546.26,1547.89,1551.71,1552.88,1553.65,1554.2,1554.45,1557.38,1557.07,1557.88,1547.68,1548.37,1551.08,1557.51,1559.08,25.86,23.65,19.43,19.04,19.88,16.22,16.17,10.99,11.38,10.06,17.3,7.22,4.69,4.07,9.34,11.84,12.92,6.43,0,7.68,25.89,25.89,16.81,5.62,8.14,6.27,3141.3,3135.63,3134.59,3142.21,3141.69,3147.78,3150.74,3144.97,3142.86,3134.42,3148.11,3131.53,3139.54,3128.91,3147.91,3140.85,3143.11,3141.05,682.75,686.88,691.52,694.13,697.91,697.45,698.42,705.33,704.73,677.24,685.15,687.02,697.03,676.47,697.59,698.62,704.58,1705.85,1700,1711.28,1718.93,1709.89,1718.07,1727.21,1727.14,1705.24,1707.93,1718.61,1726.85,522.8,517.39,521.49,442.35,520.81,525.93,527.95,526.88,520.47,524.09,528.08,3197.18,3199.42,3201.08,3200.81,3203.38,3201.19,3200.69
34,Shell,Shell_CLB_20,Columbus,USA,39.929864,-82.878531,1,2,1546.54,1548.18,1552.03,1553.15,1553.95,1554.49,1554.73,1557.67,1557.36,1558.2,1547.94,1548.64,1551.36,1557.8,1559.37,25.28,26.59,20.31,19.2,23.65,17.16,15.79,14.43,13.63,13.14,23.83,13.15,10.41,6.09,2.95,4.44,20.33,13.63,7.68,0,25.95,25.95,23.54,9.29,5.95,12.92,3148.88,3143.22,3142.18,3149.8,3149.28,3155.36,3158.32,3152.56,3150.45,3142.02,3155.71,3139.11,3147.13,3136.5,3155.5,3148.44,3150.71,3148.65,685.86,690.03,694.65,697.21,701.05,700.53,701.65,708.54,707.81,680.36,688.33,690.11,700.11,679.49,700.81,701.64,707.66,1713.01,1707.15,1718.43,1726.08,1717.03,1725.2,1734.35,1734.27,1712.41,1715.09,1725.76,1733.98,515.7,510.31,514.41,435.42,513.75,518.87,520.91,519.88,513.37,517.03,521.04,3204.69,3206.93,3208.59,3208.31,3210.88,3208.7,3208.2
35,BP,BP_CLB_1,Columbus,USA,40.147016,-82.990094,2,1,1572,1573.63,1577.47,1578.62,1579.4,1579.95,1580.2,1583.13,1582.82,1583.64,1573.41,1574.11,1576.82,1583.26,1584.83,2.18,9.82,6.61,6.91,12.61,9.69,10.19,15.78,14.67,16.23,22.93,21.09,21.98,22.45,23.58,25.03,26.62,24.26,25.89,25.95,0,0,23.81,20.29,20.09,31.1,3140.91,3135.33,3134.33,3141.95,3141.46,3147.51,3150.54,3144.8,3142.74,3134.47,3148.12,3131.19,3139.28,3128.72,3147.7,3140.67,3142.99,3141.04,707.74,711.82,716.49,719.14,722.85,722.46,723.29,730.21,729.73,702.21,710.06,712.02,722.04,701.53,722.46,723.67,729.58,1718.66,1712.91,1724.17,1731.84,1722.91,1731.06,1740.19,1740.11,1717.92,1720.81,1731.53,1739.86,529.74,524.46,528.59,450.69,528.05,533.19,535.33,534.55,527.44,531.26,535.46,3195.45,3197.7,3199.37,3199.08,3201.65,3199.48,3198.99
36,BP,BP_CLB_2,Columbus,USA,40.147016,-82.990094,2,1,1572,1573.63,1577.47,1578.62,1579.4,1579.95,1580.2,1583.13,1582.82,1583.64,1573.41,1574.11,1576.82,1583.26,1584.83,2.18,9.82,6.61,6.91,12.61,9.69,10.19,15.78,14.67,16.23,22.93,21.09,21.98,22.45,23.58,25.03,26.62,24.26,25.89,25.95,0,0,23.81,20.29,20.09,31.1,3140.91,3135.33,3134.33,3141.95,3141.46,3147.51,3150.54,3144.8,3142.74,3134.47,3148.12,3131.19,3139.28,3128.72,3147.7,3140.67,3142.99,3141.04,707.74,711.82,716.49,719.14,722.85,722.46,723.29,730.21,729.73,702.21,710.06,712.02,722.04,701.53,722.46,723.67,729.58,1718.66,1712.91,1724.17,1731.84,1722.91,1731.06,1740.19,1740.11,1717.92,1720.81,1731.53,1739.86,529.74,524.46,528.59,450.69,528.05,533.19,535.33,534.55,527.44,531.26,535.46,3195.45,3197.7,3199.37,3199.08,3201.65,3199.48,3198.99
37,BP,BP_CLB_3,Columbus,USA,39.971032,-83.149471,2,1,1555.34,1556.96,1560.73,1561.97,1562.69,1563.26,1563.54,1566.45,1566.15,1566.89,1556.79,1557.46,1560.17,1566.59,1568.15,25.16,15.67,18.29,19.6,11.53,17.01,19.44,12.09,14.16,13.06,1.12,10.44,13.14,17.54,23.82,26.64,5.51,10.41,16.81,23.54,23.81,23.81,0,14.67,20.08,16.76,3126.1,3120.46,3119.43,3127.05,3126.54,3132.62,3135.59,3129.84,3127.74,3119.35,3133.03,3116.35,3124.38,3113.77,3132.76,3125.71,3127.99,3125.96,686.11,690.14,694.84,697.55,701.18,700.87,701.49,708.43,708.12,680.57,688.34,690.42,700.44,680.02,700.67,702.16,707.98,1696.41,1690.62,1701.89,1709.55,1700.58,1708.74,1717.88,1717.8,1695.72,1698.54,1709.24,1717.53,539.24,533.85,537.96,458.95,537.29,542.42,544.45,543.42,536.91,540.57,544.58,3181.63,3183.87,3185.54,3185.26,3187.83,3185.65,3185.15
38,BP,BP_CLB_4,Columbus,USA,39.964754,-82.977494,1,2,1551.88,1553.51,1557.33,1558.5,1559.27,1559.82,1560.08,1563.01,1562.7,1563.51,1553.3,1553.99,1556.7,1563.14,1564.7,20.35,18.34,13.8,13.48,14.86,10.61,10.79,5.64,5.76,4.55,14.81,4.33,2.44,3.27,9.16,11.98,12.57,6.34,5.62,9.29,20.29,20.29,14.67,0,5.56,11.08,3140.69,3135.04,3134.01,3141.63,3141.11,3147.19,3150.17,3144.41,3142.31,3133.9,3147.59,3130.93,3138.96,3128.34,3147.34,3140.29,3142.56,3140.52,688.02,692.13,696.78,699.4,703.16,702.72,703.65,710.56,710,682.5,690.39,692.29,702.3,681.76,702.82,703.9,709.85,1708.16,1702.33,1713.6,1721.25,1712.24,1720.41,1729.56,1729.48,1707.51,1710.25,1720.94,1729.2,524.69,519.31,523.42,444.52,522.77,527.89,529.94,528.93,522.37,526.04,530.07,3196.28,3198.52,3200.18,3199.91,3202.48,3200.3,3199.8
39,BP,BP_CLB_5,Columbus,USA,39.975996,-82.913869,1,2,1552.13,1553.76,1557.6,1558.74,1559.53,1560.07,1560.32,1563.26,1562.94,1563.78,1553.53,1554.23,1556.94,1563.38,1564.95,19.55,20.82,14.37,13.29,18.17,11.21,9.91,9.27,8.06,7.97,20.13,9.88,7.75,4.14,4.32,6.92,18.11,11.69,8.14,5.95,20.09,20.09,20.08,5.56,0,14.41,3146.17,3140.53,3139.5,3147.12,3146.61,3152.69,3155.66,3149.91,3147.8,3139.41,3153.09,3136.42,3144.45,3133.83,3152.83,3145.78,3148.06,3146.02,690.29,694.44,699.07,701.65,705.46,704.97,706.01,712.91,712.25,684.78,692.71,694.55,704.55,683.97,705.17,706.12,712.1,1713.35,1707.52,1718.79,1726.44,1717.42,1725.59,1734.74,1734.66,1712.72,1715.44,1726.13,1734.38,519.59,514.22,518.33,439.55,517.69,522.82,524.88,523.89,517.26,520.95,525,3201.71,3203.96,3205.62,3205.34,3207.91,3205.73,3205.23
40,BP,BP_CLB_6,Columbus,USA,39.86764,-83.00647,1,2,1541.73,1543.36,1547.16,1548.35,1549.1,1549.66,1549.93,1552.85,1552.54,1553.33,1543.16,1543.84,1546.55,1552.98,1554.55,31.32,27.34,24.5,24.42,23.16,21.45,21.86,15.45,16.43,14.87,17.58,10.38,9.12,10.32,15.17,17.35,11.58,7.66,6.27,12.92,31.1,31.1,16.76,11.08,14.41,0,3137.58,3131.9,3130.84,3138.47,3137.94,3144.04,3146.98,3141.21,3139.09,3130.62,3144.32,3127.81,3135.8,3125.15,3144.15,3137.09,3139.34,3137.26,676.95,681.06,685.71,688.33,692.09,691.65,692.58,699.49,698.93,671.43,679.32,681.22,691.23,670.69,691.74,692.84,698.78,1700.1,1694.23,1705.51,1713.16,1704.11,1712.29,1721.44,1721.36,1699.49,1702.17,1712.84,1721.07,525.31,519.87,523.97,444.56,523.25,528.37,530.36,529.22,522.97,526.55,530.49,3193.73,3195.96,3197.62,3197.35,3199.93,3197.74,3197.23
41,Shell,Shell_SD_1,San Diego,USA,32.937793,-117.22917,1,2,3644.05,3643.91,3641.04,3648.81,3643.91,3646.28,3648.53,3648.36,3648.79,3643.48,3647.71,3646.37,3647.56,3648.95,3649.58,3143.09,3132,3139.79,3141.75,3131.6,3140.55,3143.44,3137.76,3139.67,3138.91,3126.12,3136.37,3138.85,3143.26,3149.71,3152.52,3128.57,3135.28,3141.3,3148.88,3140.91,3140.91,3126.1,3140.69,3146.17,3137.58,0,10.68,16.34,13.94,17.32,15.24,23.55,25.23,30.43,50.42,46.07,10.62,14.76,25.23,21.06,23.38,30.38,43.47,3038.08,3033.59,3035.81,3040.21,3033.75,3039.88,3025.24,3026.23,3038.93,3037.24,3030.98,3039.66,3039.82,3046.2,3025.78,3045.25,3039.23,1862.45,1872.15,1865.19,1861.92,1873.24,1867.64,1861.77,1861.49,1855.18,1865.87,1862.34,1863.84,3652.19,3646.38,3650.27,3568.13,3648.95,3653.88,3655.31,3652.92,3649.81,3652.49,3655.43,167.45,166.94,166.77,167.84,170.25,167.07,165.91
42,Shell,Shell_SD_2,San Diego,USA,32.884429,-117.134042,1,2,3634.97,3634.83,3631.95,3639.72,3634.82,3637.19,3639.45,3639.27,3639.7,3634.38,3638.64,3637.29,3638.47,3639.85,3640.48,3137.5,3126.4,3134.18,3136.15,3125.99,3134.94,3137.82,3132.13,3134.04,3133.27,3120.49,3130.72,3133.19,3137.61,3144.06,3146.87,3122.91,3129.63,3135.63,3143.22,3135.33,3135.33,3120.46,3135.04,3140.53,3131.9,10.68,0,5.93,8.17,10.23,13.03,19.6,18.42,22.5,40.88,38.54,6.36,6.82,14.57,16.42,15.23,22.52,34.8,3030.51,3026.02,3028.22,3032.62,3026.15,3032.28,3017.64,3018.61,3031.31,3029.69,3023.42,3032.09,3032.22,3038.65,3018.18,3037.65,3031.61,1853.24,1862.94,1855.95,1852.66,1863.99,1858.38,1852.48,1852.2,1845.98,1856.64,1853.08,1854.55,3646.21,3640.41,3644.29,3562.14,3642.97,3647.89,3649.31,3646.91,3643.84,3646.5,3649.43,177.84,177.36,177.21,178.28,180.71,177.52,176.35
43,Shell,Shell_SD_3,San Diego,USA,32.840458,-117.098137,1,2,3631.46,3631.31,3628.43,3636.2,3631.29,3633.66,3635.92,3635.74,3636.17,3630.85,3635.12,3633.78,3634.96,3636.33,3636.95,3136.51,3125.4,3133.18,3135.14,3124.98,3133.92,3136.81,3131.11,3133.02,3132.25,3119.46,3129.69,3132.16,3136.57,3143.03,3145.83,3121.87,3128.59,3134.59,3142.18,3134.33,3134.33,3119.43,3134.01,3139.5,3130.84,16.34,5.93,0,7.69,7.5,13.24,17.46,14.44,17.53,35.02,33.47,11.13,4.96,9.08,14.25,10.53,17.6,29.25,3028.18,3023.68,3025.87,3030.26,3023.79,3029.92,3015.28,3016.24,3028.93,3027.37,3021.08,3029.74,3029.86,3036.33,3015.82,3035.28,3029.23,1849.61,1859.31,1852.3,1849,1860.33,1854.7,1848.79,1848.51,1842.36,1853,1849.41,1850.85,3644.97,3639.16,3643.04,3560.89,3641.71,3646.63,3648.05,3645.63,3642.59,3645.25,3648.17,183.7,183.21,183.05,184.12,186.54,183.36,182.19
44,Shell,Shell_SD_4,San Diego,USA,32.820345,-117.176882,1,2,3638.74,3638.59,3635.7,3643.48,3638.57,3640.94,3643.2,3643.01,3643.44,3638.12,3642.41,3641.06,3642.23,3643.6,3644.22,3144.13,3133.02,3140.8,3142.76,3132.6,3141.54,3144.43,3138.73,3140.64,3139.87,3127.08,3137.31,3139.78,3144.19,3150.65,3153.46,3129.5,3136.21,3142.21,3149.8,3141.95,3141.95,3127.05,3141.63,3147.12,3138.47,13.94,8.17,7.69,0,3.45,5.57,11.45,11.38,16.49,36.89,32.19,14.44,2.78,15.57,8.32,9.57,16.44,29.58,3035.83,3031.33,3033.52,3037.91,3031.44,3037.57,3022.93,3023.88,3036.58,3035.02,3028.73,3037.4,3037.51,3043.98,3023.47,3042.93,3036.88,1856.83,1866.53,1859.51,1856.2,1867.53,1861.9,1855.97,1855.7,1849.6,1860.22,1856.61,1858.04,3652.62,3646.81,3650.69,3568.54,3649.37,3654.29,3655.7,3653.29,3650.25,3652.9,3655.82,180.47,179.88,179.65,180.75,183.1,179.96,178.8
45,Shell,Shell_SD_5,San Diego,USA,32.794378,-117.156722,1,2,3636.76,3636.62,3633.72,3641.5,3636.59,3638.96,3641.22,3641.03,3641.46,3636.14,3640.43,3639.08,3640.26,3641.62,3642.24,3143.63,3132.52,3140.3,3142.26,3132.1,3141.04,3143.93,3138.22,3140.13,3139.36,3126.57,3136.8,3139.26,3143.67,3150.13,3152.94,3128.98,3135.69,3141.69,3149.28,3141.46,3141.46,3126.54,3141.11,3146.61,3137.94,17.32,10.23,7.5,3.45,0,7.04,9.98,8.31,13.12,33.45,28.95,16.59,3.42,13.62,6.76,6.12,13.08,26.16,3034.55,3030.05,3032.24,3036.62,3030.15,3036.27,3021.63,3022.58,3035.28,3033.75,3027.45,3036.11,3036.22,3042.71,3022.17,3041.63,3035.58,1854.8,1864.5,1857.47,1854.14,1865.48,1859.84,1853.9,1853.63,1847.57,1858.17,1854.55,1855.96,3651.98,3646.17,3650.05,3567.89,3648.72,3653.64,3655.05,3652.63,3649.6,3652.26,3655.17,183.89,183.29,183.06,184.16,186.5,183.36,182.2
